1 0.43772 0.34065 0.08189 0.24388
1 0.83160 0.45000 0.07843 0.26115
1 0.73645 0.32302 0.06574 0.28201
1 0.53922 0.37230 0.08881 0.30432
1 0.23702 0.39532 0.11649 0.27266
1 0.38524 0.48669 0.08304 0.21942
1 0.12514 0.30827 0.08881 0.24245
1 0.36678 0.18669 0.08997 0.21799
1 0.61995 0.26079 0.06113 0.15324
1 0.80623 0.18813 0.06920 0.17050
1 0.89100 0.17986 0.09112 0.24460
1 0.66436 0.48453 0.19377 0.34173
1 0.49308 0.54173 0.09804 0.21007
1 0.11995 0.49748 0.11995 0.19784
1 0.26067 0.17986 0.08766 0.15971
1 0.93656 0.47590 0.12687 0.31439
