1 0.35293 0.36210 0.05357 0.36376
1 0.74901 0.34292 0.04563 0.25728
1 0.64893 0.34507 0.02951 0.16766
1 0.12537 0.68271 0.06076 0.24107
1 0.85069 0.54712 0.05208 0.27745
1 0.91357 0.52530 0.02902 0.51951
1 0.91505 0.94775 0.16989 0.06283
1 0.53695 0.72851 0.17510 0.12368
1 0.67460 0.81101 0.08581 0.37798
1 0.33854 0.81415 0.14484 0.37169
1 0.20623 0.80655 0.08011 0.38624
1 0.14224 0.30721 0.28001 0.49471
1 0.41691 0.29431 0.03919 0.32870
1 0.51327 0.36987 0.08011 0.39583
1 0.85342 0.12384 0.12153 0.24702
1 0.97309 0.17063 0.05382 0.31151
