1 0.46692 0.52537 0.07538 0.39792
1 0.33885 0.50519 0.12538 0.20069
1 0.34808 0.75029 0.06538 0.28028
1 0.11500 0.64302 0.12846 0.09804
1 0.03808 0.37024 0.07462 0.36909
1 0.12154 0.85525 0.05692 0.28950
1 0.06423 0.85294 0.05154 0.29412
1 0.20692 0.52422 0.06462 0.43483
1 0.90154 0.42157 0.19692 0.19723
1 0.93000 0.73875 0.09231 0.38639
1 0.55962 0.56863 0.05154 0.33910
1 0.53192 0.76701 0.07615 0.40600
1 0.60077 0.49077 0.04615 0.38408
1 0.75692 0.64475 0.04615 0.32295
1 0.85769 0.87659 0.08462 0.24683
