1 0.30853 0.09854 0.03671 0.15476
1 0.29700 0.39633 0.03596 0.15906
1 0.12178 0.44163 0.02629 0.18552
1 0.65377 0.22140 0.03770 0.17163
1 0.62661 0.45172 0.04241 0.16336
1 0.68056 0.47106 0.03522 0.16104
1 0.60255 0.69560 0.02951 0.15575
1 0.80109 0.08151 0.03274 0.15245
1 0.97433 0.24206 0.05134 0.22421
1 0.89695 0.33218 0.03596 0.18022
1 0.87116 0.10499 0.03993 0.18022
1 0.64782 0.61657 0.03522 0.13657
1 0.27257 0.66617 0.14236 0.06515
1 0.29018 0.80225 0.11657 0.16204
1 0.05370 0.43733 0.09201 0.21792
1 0.18452 0.16650 0.12004 0.05126
1 0.43304 0.37765 0.06151 0.21759
1 0.82180 0.63525 0.11285 0.23347
1 0.95375 0.84706 0.08408 0.28803
