1 0.49250 0.46313 0.05167 0.29125
1 0.17417 0.57875 0.05000 0.27750
1 0.25458 0.66563 0.03250 0.18625
1 0.30500 0.53563 0.06167 0.29375
1 0.35958 0.46125 0.04083 0.29500
1 0.43792 0.47687 0.06083 0.25625
1 0.84500 0.59937 0.06500 0.23375
1 0.79125 0.65500 0.05250 0.20000
1 0.74458 0.76500 0.05417 0.20750
1 0.96583 0.56375 0.04167 0.20500
1 0.58958 0.73000 0.12083 0.17500
1 0.57833 0.52187 0.08333 0.25375
1 0.41542 0.80000 0.05750 0.27250
1 0.23208 0.54500 0.03250 0.17250
1 0.32458 0.82063 0.07750 0.20125
