1 0.63132 0.63211 0.08557 0.25496
1 0.54539 0.72470 0.05456 0.24636
1 0.77976 0.91253 0.04812 0.15443
1 0.87909 0.61227 0.04638 0.31779
1 0.66493 0.30142 0.05357 0.23578
1 0.61421 0.18502 0.05779 0.20602
1 0.41257 0.41286 0.08656 0.24306
1 0.75620 0.28522 0.05853 0.16964
1 0.97148 0.38178 0.05704 0.32440
1 0.18539 0.60053 0.08656 0.14484
1 0.24182 0.33168 0.09673 0.18981
1 0.03906 0.46991 0.06721 0.18254
1 0.04812 0.78935 0.09375 0.14749
1 0.03323 0.93022 0.06597 0.12169
1 0.56374 0.22768 0.05109 0.13128
