2 0.05471 0.21013 0.06000 0.41625
2 0.11412 0.20812 0.07529 0.41424
2 0.17882 0.21364 0.04235 0.42528
2 0.25412 0.21013 0.08706 0.41825
2 0.38059 0.21113 0.15176 0.42026
2 0.52000 0.21214 0.08000 0.41023
2 0.62118 0.21464 0.09176 0.42728
2 0.69882 0.21314 0.05882 0.42026
2 0.75471 0.21765 0.05294 0.41926
2 0.07529 0.59077 0.05412 0.21665
2 0.15353 0.57723 0.05059 0.23571
2 0.29941 0.57874 0.10706 0.24473
2 0.40647 0.57623 0.06706 0.24173
2 0.71294 0.57623 0.04000 0.23771
2 0.65765 0.59228 0.04706 0.21163
2 0.81588 0.58325 0.06000 0.24574
